0xd8bd 446 397 84 90 0xb9d6 462 497 60 32 0xbdb5 451 559 77 58 0xf2d7 452 643 77 95 0xd5c8 463 754 62 47 0xc2cf 456 834 63 34 0xe7ce 442 882 82 36 0x036 447 948 69 21 0xb1ca 432 999 95 100 0x02c 480 1104 38 13 0xd7b0 443 1123 77 50 0xc6d4 456 1188 65 48 0xfabb 441 1252 79 78 0xa1b3 448 1334 76 63 0xb8bc 464 1431 57 40 0xeccc 453 1489 65 45 0xc2cf 457 1547 59 43 0xb4c0 439 1605 83 55 0xc0d2 448 1670 81 68 0xbbc8 446 1752 73 74 0xd0d3 433 1832 89 45 0xfcbd 442 1900 74 57 0xa7c7 450 1988 74 33 0xfbc3 443 2036 80 60 0xc3c2 449 2114 82 76 0xcdbf 437 2215 94 48 0xcdd6 442 2277 94 81 
0xf4c1 588 310 77 65 0xe3b9 593 388 86 28 0xddd6 587 435 82 60 0xa3a1 635 521 26 17 0xaace 585 557 82 38 0xf6d7 581 613 78 85 0xc3ba 579 722 82 79 0xbdba 568 824 84 89 0xe0b0 571 920 86 101 0xd3d1 579 1044 73 67 0xf3ce 577 1123 81 87 0xe9c7 574 1207 87 70 0xf6bf 591 1300 69 76 0xc2cf 591 1399 70 40 0xc4b5 572 1455 88 81 0xbdba 570 1562 83 88 0xe0b0 577 1659 74 88 0xa3b1 572 1757 81 79 0xcfd5 565 1839 110 70 0xa4b9 588 1939 64 43 0xf7d7 568 1989 87 66 0x02c 630 2055 29 23 0xd7b0 578 2100 80 40 0xc6d4 597 2151 60 40 0xfabb 573 2205 81 71 0xa1b3 577 2278 75 61 0xcdbf 576 2348 95 43 
0xcbd4 731 318 94 75 0xbfb2 740 410 89 74 0xf2d7 725 503 91 92 0xd5c8 736 610 74 50 0xfdd5 752 669 69 37 0xbdca 722 723 96 50 0xf4c6 729 790 87 54 0xafb6 723 872 93 68 0xbdba 732 967 77 76 0xe0b0 730 1057 92 87 0xbbb2 744 1161 66 47 0xfdd5 747 1225 65 37 0xa3b3 733 1272 102 63 0xa4d4 755 1347 73 98 0xb8b0 750 1440 91 60 0x03a 780 1517 43 12 0xcdbf 755 1534 89 57 0xcbd4 760 1601 78 63 0xbfb2 767 1684 112 79 0xd9c1 759 1787 98 89 0xb1ca 768 1888 86 75 0xc9b3 755 1978 102 76 0xa2c1 766 2055 74 59 0xcbc1 774 2122 72 27 0xbdba 770 2169 88 98 0xe0b0 767 2266 105 84 
0xbbb2 893 331 76 45 0xfdd5 895 382 71 44 0xa3b3 884 441 94 60 0xb8d6 887 514 87 83 0xd3bb 878 610 99 95 0xa1d0 888 715 83 55 0xe9d7 885 793 86 82 0x02c 951 880 36 15 0xe9d7 900 921 75 84 0xa8bd 872 1009 117 82 0xcbc1 911 1108 63 31 0xc9d3 889 1165 87 50 0xb5d6 893 1237 87 67 0xfabb 897 1300 86 74 0xb1d4 910 1390 70 59 0xa2a1 953 1467 22 16 0xfeb7 908 1497 78 90 0xf1ce 901 1600 91 38 0xb1d4 915 1662 83 61 0xa3b5 912 1725 83 73 0xcec8 923 1812 66 57 0xc4b5 905 1892 93 74 0xbdba 912 1982 86 99 0xe0b0 904 2080 102 101 0xbbb2 931 2194 69 42 0xfdd5 932 2242 66 36 0xa3b3 924 2283 106 60 
0xa6b4 1038 347 77 73 0xedc0 1042 436 72 80 0xa1d0 1044 530 69 50 0xe9d7 1023 601 96 82 0xaca3 1099 699 28 14 0xa8d7 1050 728 79 68 0xcbc8 1042 819 85 50 0xbab8 1051 879 94 72 0xf0d4 1048 956 93 55 0xbdba 1045 1022 84 84 0xe0b0 1046 1120 94 91 0xd3d1 1051 1224 77 64 0xf3ce 1032 1311 97 96 0xc5d0 1037 1417 97 74 0xa2cf 1044 1506 97 52 0xc4b5 1047 1589 91 74 0xabb9 1064 1674 77 39 0xbcb2 1059 1728 88 48 0xa2a1 1107 1807 20 13 0xc3c2 1051 1836 86 72 0xcdbf 1046 1924 99 61 0xc5d0 1056 2002 86 74 0xa2cf 1062 2089 87 56 0xc4b5 1055 2167 89 89 0xabb4 1065 2261 92 69 
0xefb4 1153 353 101 71 0xa2a1 1218 445 30 10 0xc3c2 1165 477 92 84 0xcdbf 1150 579 106 61 0xf3ba 1184 667 71 48 0xf8d0 1171 726 95 90 0xa4b9 1193 822 61 45 0xf7d7 1174 880 91 79 0xc4b5 1177 976 94 88 0xfab8 1189 1071 91 87 0xf8bd 1189 1181 85 67 0xb0bc 1195 1274 78 62 0xebd3 1197 1338 83 40 0xbdba 1192 1390 89 103 0xd5bf 1193 1501 88 59 0xabb9 1190 1589 95 46 0xbecb 1204 1649 80 45 0xf7b5 1203 1722 87 80 0xc8b6 1198 1815 107 57 0xbfb2 1197 1890 107 75 0xc5c3 1226 1974 74 50 0xb5b9 1216 2045 84 66 0xa8cd 1221 2128 77 64 0xc8b5 1231 2213 88 55 0xa4b9 1242 2268 69 44 0xf7d7 1220 2325 95 54 0xbba3 1297 2378 34 18 
0xe8c9 1319 363 82 74 0xa2c1 1317 456 69 53 0xcbc1 1326 526 75 37 0xc9d3 1316 589 80 47 0xc2d0 1317 654 87 68 0xb1d4 1331 742 83 75 0xa4b9 1340 838 59 46 0xe9d7 1316 894 86 93 0xc9b3 1305 995 90 71 0xc4b5 1305 1089 98 79 0xfdd2 1329 1205 81 42 0xbcb5 1333 1270 86 43 0xdab8 1330 1338 90 50 0xbbce 1330 1424 86 66 0x02c 1375 1501 35 27 0xbab8 1333 1556 88 70 0xf0d4 1332 1640 100 72 0xf8b4 1340 1711 92 57 0xecc1 1335 1790 104 91 0xc3c2 1337 1896 93 91 0xcdbf 1336 2002 92 59 0xc9d3 1336 2079 89 45 0xb5d6 1348 2145 88 76 0xfabb 1349 2227 98 87 0xf3b4 1364 2315 79 44 
0xfccc 1450 370 78 55 0xbdb5 1448 456 77 68 0xbdba 1435 551 104 110 0xe0b0 1438 662 102 108 0xbbb2 1457 786 83 49 0xfdd5 1466 849 68 46 0xa3b3 1444 920 110 60 0xf1b9 1435 1002 95 67 0xa8cc 1455 1080 78 49 0xd9d4 1456 1165 76 62 0xbdb5 1445 1245 94 63 0xe4c5 1474 1324 76 101 0xcdb2 1457 1454 113 64 0xa6b4 1465 1543 81 67 0xa2a1 1519 1623 20 22 0xc6be 1486 1662 69 67 0xeab5 1469 1742 77 47 0xf2ba 1477 1796 82 83 0xb5b3 1470 1894 74 44 0xf8c7 1478 1941 63 36 0xa3a1 1510 1996 36 15 0xcbb4 1479 2033 68 66 0xe2cd 1484 2117 76 64 0xaca3 1535 2195 36 15 0xd7b0 1492 2232 80 47 0xc6d4 1506 2290 71 45 
0xfabb 1578 375 78 79 0xa1b3 1579 461 70 64 0xcdbf 1575 541 81 60 0xcbd4 1581 620 84 73 0xbfb2 1580 706 93 89 0xc2ce 1593 806 76 93 0xb0dc 1587 924 103 61 0xe1cc 1597 1005 91 83 0xd1d0 1599 1100 90 111 0xc3c2 1588 1212 92 74 0xcdbf 1590 1297 94 60 0xaca3 1652 1372 32 14 0xbdba 1594 1415 90 82 0xe0b0 1600 1505 96 87 0xd3d1 1617 1592 87 82 0xf3ce 1606 1698 94 78 0xe9c7 1608 1788 98 62 0xf6bf 1625 1875 79 66 0xc2cf 1631 1965 70 41 0xaca3 1667 2023 28 10 0xebc7 1605 2050 92 66 0xc3c2 1606 2139 90 73 0xcdbf 1610 2230 84 50 0xa2d7 1620 2284 74 60 
0xe2d2 1705 373 105 60 0xdbb9 1740 459 66 87 0xb4bf 1739 551 74 56 0xe6b8 1727 634 79 53 0xbeca 1737 714 65 52 0xc6c5 1716 783 91 82 0xaca3 1767 914 28 11 0xf4c1 1737 933 74 62 0xe2d2 1723 1015 97 62 0xbdba 1723 1100 94 89 0xe0b0 1727 1197 102 88 0xd4cf 1747 1299 71 61 0xbeca 1755 1369 65 50 0xbba3 1759 1428 68 24 0xecb0 1734 1498 85 45 0xedc0 1747 1551 71 90 0xcbb3 1743 1665 76 55 0xfabb 1738 1737 81 82 0xd6ca 1757 1835 68 40 0xf8d0 1731 1886 97 96 0xb1ca 1718 1988 99 73 0xc9bf 1758 2073 77 42 0xe6cb 1734 2133 101 100 0xb1ca 1737 2247 86 78 0xafd1 1740 2327 92 51 
0xcace 1878 404 75 58 0xa4b9 1882 490 60 38 0xf7d7 1863 533 86 78 0xcbc8 1871 626 78 52 0xb1d4 1863 706 85 79 0xbdba 1853 810 87 104 0xe0b0 1868 933 74 109 0xe9c7 1848 1056 100 78 0xf6bf 1875 1152 77 78 0xbba3 1909 1235 37 8 0xbdba 1872 1278 80 105 0xe0b0 1870 1410 75 97 0xfcb8 1880 1518 79 50 0xc4b8 1874 1586 82 63 0xebc7 1867 1670 96 72 0xa1be 1886 1773 70 40 0xe7d4 1886 1839 77 43 0xecb0 1864 1894 91 59 0xedc0 1888 1965 72 79 0xd6ca 1898 2057 75 42 0xf8d0 1874 2111 94 87 0xbba3 1905 2212 77 21 0xbdba 1892 2257 81 91 0xe0b0 1876 2347 96 88 
0xd3d1 2005 395 81 68 0xf3ce 1994 479 89 102 0xebc7 1992 592 100 75 0xfdcc 2004 707 78 61 0xd3b4 2003 793 66 63 0xfabb 1981 877 87 92 0xa1b3 1998 976 76 65 0xa4b9 2007 1077 60 42 0xf7d7 1985 1133 94 86 0xcbc8 1998 1236 71 47 0xb1d4 1998 1294 84 76 0xc4b5 1980 1371 91 85 0xb3cd 1990 1481 89 89 0xbbd2 2037 1599 8 39 0xb2b0 2004 1649 79 60 0xc5c5 1989 1726 103 94 0xa3a1 2070 1835 18 18 
