001
002
003
004
005
007
008
009
010
011
012
014
015
016
017
018
019
021
022
023
024
025
026
027
028
030
031
032
033
034
035
036
037
039
040
041
043
044
045
047
048
049
050
051
052
053
054
055
056
057
059
061
063
064
065
066
067
068
070
071
072
074
075
076
077
078
079
080
081
083
085
086
087
088
089
090
091
092
093
094
095
096
098
099
100
101
102
103
105
106
107
109
110
112
114
115
116
117
118
119
120
122
123
126
127
128
129
130
131
133
134
135
137
138
139
140
141
142
143
144
145
146
148
149
151
152
154
155
159
161
162
163
164
165
166
167
170
171
174
175
176
177
178
179
180
182
183
184
185
186
188
190
191
192
196
197
198
199
200
201
203
204
206
207
208
209
210
211
212
214
215
216
217
218
220
221
222
223
224
225
227
228
230
231
232
233
234
236
237
238
239
243
244
245
247
249
251
252
255
257
258
259
260
261
262
263
264
266
267
269
270
271
272
273
274
275
277
279
280
281
283
284
285
286
287
288
289
290
291
292
294
295
296
298
299
301
303
304
305
306
307
308
309
310
311
312
313
314
315
316
318
319
320
321
322
323
324
325
327
328
329
330
331
332
333
334
335
336
337
338
339
340
342
343
344
346
347
348
349
350
352
353
354
355
356
357
358
359
360
362
363
364
365
366
367
368
369
370
372
373
374
375
378
379
380
381
383
384
385
387
388
389
390
392
393
395
397
399
401
402
403
404
405
406
407
408
409
411
412
413
414
415
416
417
418
420